37.7249128000
37.2448741000
35.9065342000
36.1942400000
35.5166543000
36.4562217000
36.7838637000
37.7747852000
35.5664593000
35.1480102000
34.9267482000
35.4456239000
35.2038595000
36.4463012000
41.1560789000
37.9528912000
37.0641776000
37.8389892000
37.5677827000
36.2849062000
35.9159393000
35.8497206000
36.7334191000
37.1193711000
36.1037475000
36.4073077000
34.4302391000
36.6903061000
34.1985317000
36.3974427000
36.0001237000
36.0349939000
36.4615086000
34.9339712000
35.5218648000
34.6543627000
36.0245260000
36.4312854000
36.4794772000
35.0165543000
35.1566662000
38.2720949000
36.8860658000
35.5015609000
35.4363818000
34.8782224000
37.0978523000
38.1237242000
35.3724950000
36.3371667000
34.9386116000
35.6094449000
33.7611188000
36.2128571000
36.8492023000
35.8000701000
36.3896032000
36.8239938000
36.9104414000
34.4376166000
36.5660528000
36.2982309000
35.4630645000
35.2043245000
36.5283725000
36.3563166000
35.4896332000
36.1794407000
35.6683165000
36.1922312000
37.2675758000
34.3489375000
36.1223592000
37.9509010000
35.4904565000
34.3070081000
36.5494129000
34.3364756000
36.2852219000
36.3359315000
35.3833056000
37.0027756000
35.3291166000
35.6154852000
35.8152292000
37.1542759000
38.0565112000
37.1159949000
37.5990436000
37.2469359000
34.0424509000
36.9397757000
36.9839168000
37.9637842000
36.9711650000
37.4413761000
35.6720172000
37.3218170000
36.7152832000
37.3820324000
