108.0000
108.0000
108.0000
108.0000
108.0000
11.0000
108.0000
108.0000
11.0000
108.0000
108.0000
11.0000
108.0000
108.0000
108.0000
11.0000
108.0000
108.0000
11.0000
108.0000
108.0000
11.0000
108.0000
108.0000
108.0000
11.0000
108.0000
108.0000
11.0000
108.0000
11.0000
108.0000
108.0000
108.0000
11.0000
108.0000
108.0000
108.0000
108.0000
108.0000
108.0000
108.0000
11.0000
108.0000
11.0000
11.0000
11.0000
108.0000
108.0000
108.0000
108.0000
108.0000
108.0000
108.0000
108.0000
108.0000
108.0000
108.0000
108.0000
108.0000
11.0000
108.0000
108.0000
11.0000
108.0000
108.0000
108.0000
11.0000
108.0000
11.0000
108.0000
108.0000
11.0000
108.0000
108.0000
108.0000
108.0000
11.0000
108.0000
11.0000
108.0000
108.0000
108.0000
108.0000
11.0000
11.0000
108.0000
108.0000
108.0000
11.0000
11.0000
11.0000
108.0000
108.0000
11.0000
11.0000
108.0000
108.0000
11.0000
11.0000
